12792,14146,13316,12952,15966,19359,12814,19868,18490,11274,11643,19447,10980,19850,14846,11626,15086,18547,11574,18169,14871,17872,19619,18944,15935,15172,10931,12355,9764,13448,
19554,15200,9374,13213,13545,19137,18956,10102,16288,19216,15674,12133,15047,11526,15106,13765,11191,9851,17318,
19898,18911,14175,19515,10120,12930,9349,11242,14433,13828,12544,17155,19034,17712,
19658,10772,10573,16503,9890,12360,14889,15075,11520,16743,13714,12747,18618,17624,12490,12189,9485,15105,16944,9237,16359,12841,17162,16042,13785,16676,19567,10501,19381,
9729,18886,15299,18536,11173,18095,17779,18160,19510,12445,19863,10612,9907,9722,10184,11005,11129,19693,14263,18868,17131,15395,15769,9890,12249,12835,13421,10811,12032,16546,12064,18090,16102,16156,14613,10873,18144,10190,12283,
12317,18577,17515,19199,16352,19506,13639,14354,17634,9608,17995,12528,10393,9289,17094,13394,15666,15992,9869,19638,11827,14306,17000,17712,19439,10905,17045,9279,15024,16707,17176,11707,15608,18540,12278,16873,13261,19457,17551,14578,19788,18887,16635,10476,19739,13023,10366,16371,18967,
11540,16566,19553,17377,17486,12885,19843,9538,14502,15953,14283,
13377,13002,9921,14466,10206,17023,13501,13408,13211,17888,10312,10873,19357,9339,19279,13235,12265,11296,11243,19763,10494,
14650,11683,14314,9844,16037,15890,19867,9525,11500,18049,11590,11113,10372,9631,12997,18737,16282,
17349,12552,18442,9281,13554,18055,12229,10503,12095,11237,19782,14203,12486,19357,
12875,17023,16767,11504,14370,14093,12430,18072,19357,16916,14151,19909,10830,17497,18157,9848,13225,14397,14254,14112,11070,10431,15953,18258,18253,19596,13619,9780,16750,11352,14091,16190,10108,16260,
18994,19944,14178,19893,18749,13492,14066,18973,13300,14258,15364,17688,14969,12251,13953,11114,16896,12862,13646,12506,11696,18352,9648,
9552,12259,14228,12681,14297,16284,18933,16718,14504,14383,15633,19919,16530,9434,9941,11961,11511,19221,9571,17066,15913,12944,14647,16351,16898,17445,10007,9704,15261,14660,18279,10747,12921,10090,18153,
13145,11815,10165,16043,16360,10224,16436,17766,17108,13350,10070,15314,17847,11416,12814,16262,9428,11394,13319,15245,10636,19748,19551,16914,13882,
17554,16032,19018,11046,13143,17142,9854,18524,12464,13832,18626,17098,13630,15082,11840,9643,19424,19047,18224,19818,15049,17183,19124,18534,16878,13095,14789,12769,17509,15030,15563,13429,11845,18113,11912,17912,16327,11556,
15464,10506,15703,17547,9476,16341,17846,18687,18746,10782,14863,18944,18797,17485,14179,19408,13515,15335,11143,10143,9685,17386,11343,
12306,9653,12297,17525,13690,12196,15889,13003,13599,19165,16518,10447,11484,15181,12828,9897,10716,11080,11444,19171,12425,9803,12685,9647,9829,19583,13938,11565,19942,19425,16381,12880,15533,18187,9454,17486,17129,17320,18898,14218,
19243,11574,11418,18972,9471,10479,16427,15465,11263,15189,9226,14203,13746,9733,19901,18383,14357,16566,10246,15687,14242,16855,10386,18967,16282,12734,9222,10710,10807,15229,13763,9433,18827,18966,13356,19355,9527,
15398,16280,17767,14001,10898,15626,12287,9938,9346,16853,10050,14672,18947,10203,13613,18733,14036,11405,19097,19826,12997,15067,9747,11462,19556,15979,12403,16870,19505,16506,
15062,18521,17972,13440,18568,12684,16238,16723,14568,12413,15035,19226,10401,17902,19770,18728,16316,17817,14771,16838,14567,12968,18188,15084,18902,15637,18784,10640,11752,13680,11181,
13399,16570,10519,11603,9614,14403,14238,18602,14224,14481,16072,10985,17862,19236,11593,17888,16910,15932,10585,17951,10999,12153,
13149,15520,9612,16130,14378,10693,10732,17215,13611,19593,12183,19405,15126,10847,9494,19448,13262,11194,18274,18387,16478,13876,9331,16106,16572,12812,13588,12003,17832,9920,11729,13437,11672,15266,12662,10013,12948,12063,17068,12750,12702,14666,13533,11762,9991,10620,11712,12804,11096,10826,
14167,11889,14206,14820,17882,17360,16838,17745,15918,15678,
18379,9780,12565,18564,10445,9995,14749,19768,13895,16856,13148,13399,10896,19918,
11943,15822,10735,10730,13965,14887,12549,10488,9939,9391,12219,
14862,15121,13949,16378,14313,19959,9421,18792,17138,19994,10906,13613,9741,10419,11097,16778,11128,15043,
9592,14051,14356,13928,13978,9475,13105,19184,18757,15189,12734,15040,15182,10773,19492,12535,18570,19668,15385,16534,13149,19009,
12364,19650,14075,15686,13739,12482,19016,17369,15938,13918,15532,14944,10115,13014,15330,11473,
15572,15143,10733,9727,19618,18193,11673,19657,18318,13911,10345,12843,15342,13012,17958,17365,17440,19226,19736,
17086,12731,16706,9929,14356,11413,18586,16859,15935,15805,16921,15946,14972,17612,17707,15934,19806,11095,14117,17829,11638,17769,14253,14107,9590,10827,15317,12424,17699,15506,16833,10876,13486,14097,12220,
16206,14542,12883,11752,10418,16934,12739,15872,17706,14805,10226,13982,18730,13336,14366,12903,13523,15260,16998,12573,9856,13487,17118,9640,14396,11696,19171,16175,9960,11268,10133,10547,18557,10427,
12410,18207,13099,10423,13522,11014,9682,16949,10832,19842,18476,
19994,10451,17441,11848,13715,15554,17489,14366,13407,12448,17345,11950,17825,16599,18797,13622,11764,17753,9820,15066,9493,11658,19379,10994,19552,
17669,17374,13370,17116,13657,18748,10732,11098,16636,11293,15399,15077,10810,17546,17900,
10652,9335,15734,10742,12778,17945,10269,12447,19830,12232,
11787,9888,11888,17138,11720,17030,9543,18888,18402,17795,19299,9813,18298,13881,14510,17994,19243,10785,11427,14199,16156,16462,11932,17205,
14522,17494,9838,14763,15740,12020,16845,10161,12647,17012,17017,11490,19157,9478,17334,11980,19309,9839,16654,14261,17799,12059,13962,11943,9925,12116,14308,9279,19588,18214,17287,15053,11441,13812,16212,19497,17819,10383,11657,15346,19383,
16146,10585,17737,14805,11638,12224,14132,10742,11188,19751,14455,10771,19085,14777,12385,10678,11729,13542,13558,16176,12702,15013,17324,18859,18138,17418,9221,16593,9460,9950,
12137,18456,19106,18391,16307,12365,10824,17108,9252,15432,13162,12679,9690,10244,12086,13928,13063,12056,17166,13936,17257,
16410,13416,15580,13139,10815,14675,16636,9357,17214,11743,17483,13637,14133,15346,16559,17836,15171,14929,13276,13777,15899,10783,17663,14929,17565,9966,
13665,9812,13957,15062,17404,10815,17946,18207,15471,13344,12392,11862,10557,17863,9995,11625,15904,10429,14978,12653,17289,18364,
12660,13063,15495,19317,14360,17359,17599,13773,11388,14018,9783,12820,13571,11240,18756,15655,16070,16486,15772,13949,14017,14085,12096,10108,11777,13447,14127,10638,19847,13131,11406,9253,17729,15903,14078,
11543,9776,13527,11983,10823,15065,15004,11336,16357,12466,13849,18893,16453,19225,17578,18127,10478,9760,17161,19760,18231,11680,
12194,14901,11785,10849,15460,13014,15294,12530,18164,11774,17410,11502,12627,17310,18781,17788,12023,10485,12941,17562,15306,
15188,13900,11642,19902,17913,11242,18182,11049,17522,9457,9837,
19391,15668,10574,19689,11726,13240,10211,18364,18844,18861,15653,15225,12985,12376,15493,13668,11844,12332,18530,14068,11615,15608,13892,12176,12710,19181,18558,9511,13941,14618,16538,16881,17224,10724,14640,18556,13697,
19918,17174,18012,11850,17792,17448,12683,15597,10346,9644,12508,16555,11193,18022,18628,14949,9460,15490,9638,14742,13816,19733,14965,11852,14814,14339,12804,10796,11776,12400,14324,16997,13922,11996,18137,14944,
18323,12354,11993,16320,15350,18585,13568,12336,13376,9712,13170,16421,19672,10046,17754,14336,12129,18661,
13515,19352,11983,9948,9917,18705,10521,9561,10251,11058,11865,19515,12284,14828,12432,10664,13864,18060,19798,17721,19481,13282,11020,18342,10319,
15202,18374,16343,18596,14800,19040,16427,17313,19978,10025,9741,9457,9548,13997,16618,13710,17776,15109,12443,11321,19912,16125,14150,12175,17690,18693,11716,13983,14092,10750,13683,11160,9255,13515,16927,12581,13763,15295,
12515,19807,12886,14762,10623,10482,14824,19767,11945,14077,10032,9777,15015,16151,12104,11703,12443,19258,11972,11264,16905,13337,16848,16370,10362,17514,12630,
10965,19673,15075,17392,14861,12418,13911,9481,10294,10162,
11333,13062,11069,11061,9619,16373,11989,12446,11300,11761,17730,15836,10532,13384,19340,10967,13877,11646,14558,17861,17557,15056,16279,12978,19952,12003,9218,14381,19099,14175,9574,17526,10208,18593,18977,10090,17681,11932,11197,19635,16394,13154,9693,17839,19416,
15051,12377,10526,9804,19813,14356,18109,13485,14171,14587,18190,19709,16958,10916,16790,14704,19653,17194,14736,16369,10465,9941,18257,16469,14916,19565,10272,9396,17917,
16145,15037,14154,15584,13783,14072,15871,18951,9471,18747,13209,13163,13951,16510,19070,11716,15764,16533,11839,14253,11402,12877,10781,12309,11209,19782,14041,17206,16183,18028,13171,10244,12414,
11682,12486,11475,19650,19798,18588,12647,19069,16537,9497,11550,14277,18418,17282,18368,14300,19167,17758,17497,14098,11870,
17737,16526,16528,11516,11594,14323,14648,9278,16025,18603,16921,13083,16341,16306,18074,16182,17732,17938,9431,17736,
11202,12013,12897,15926,19546,15432,14020,16064,14641,11964,13578,13885,16837,12450,16437,11199,10731,14786,19688,19838,15795,18060,16648,17304,
16231,19995,18829,18630,17261,9562,12589,9600,17368,14373,11040,10688,10336,16238,16111,19744,12701,11927,16720,16417,16114,17395,16326,10802,
10095,14025,17098,16720,11986,12424,17487,16180,13402,10624,14394,13367,13638,14530,17172,16931,17124,18740,13423,17234,17500,13987,19781,12923,19503,14747,11866,12546,19169,18284,13620,10294,16689,15059,9493,12534,14656,9778,10453,19437,
10114,16972,12758,13581,17778,18089,19531,15647,13978,12310,12757,15257,13721,12186,17564,19855,18758,14728,14006,10864,11060,13891,11006,10163,11425,13211,16382,19553,9550,9696,14527,9416,10460,9462,11963,10940,17260,18515,18835,9404,19180,
17202,17460,10682,14626,17318,14084,11424,16050,14726,13652,15562,16880,14825,18737,14710,18245,12031,14854,11814,13253,14091,10885,
9696,15183,14483,17790,15342,18249,9848,13691,19825,12053,16089,13489,19783,10890,14837,13303,15435,9410,18458,14962,10492,10841,11041,15630,17575,17223,10328,
11639,19091,16909,10132,11358,10616,16525,9970,9348,17139,12465,16730,17670,18660,14451,16220,11343,10668,13732,18551,9735,10067,19978,17660,15052,17581,17033,11553,11046,17969,15797,9888,11531,15727,10034,17552,15957,
11378,17132,16401,15905,9375,17572,11324,16585,14885,13186,16366,13237,10109,16040,10312,18114,9582,9220,11795,14371,10522,19260,14453,17944,
9669,12933,14472,14026,13976,18332,11974,10956,18200,10364,11058,11776,18621,13569,19790,17418,14902,16823,11440,
14163,9645,14615,17983,16604,17558,19694,9608,12507,12367,10235,9609,18004,
15612,14564,10030,11622,12258,14241,11116,11790,9876,16570,16075,14664,14486,14941,14702,11256,9651,9970,10290,16422,16142,10541,11199,12558,9301,9782,11418,19865,13515,18238,12600,12630,14914,18043,18525,11122,12458,10287,19250,
11455,17219,14128,14480,10514,12967,16396,18817,17662,10203,17802,13413,13463,16722,17927,16901,15875,13554,14801,17946,19750,17604,18200,11988,18899,
19730,13224,11285,9731,16483,16577,13007,19707,13560,14976,16392,9470,16262,17328,16984,10358,10801,17414,13227,9459,11327,18551,16217,14794,13412,9295,10335,9911,18157,19214,17825,13354,10272,9972,11892,14783,11639,
11974,9955,11807,14502,16569,15211,16562,12786,13964,17602,19694,
18107,14922,11451,16187,11483,17098,18817,14265,18633,17551,14920,12290,9345,12650,9359,17173,15762,16170,15149,13304,13952,10742,11614,18130,14493,9334,14224,18542,14335,19903,14580,12048,15429,
13071,11919,9718,12317,19523,10109,13919,11791,11852,11173,18449,
14836,15420,16285,18460,10319,11737,18480,9872,16178,9778,18566,15380,9469,18187,
16596,12362,12463,16489,17148,18809,14685,10561,18403,18219,19867,18131,12183,19045,19642,11105,10714,11446,18612,11526,16786,10158,18885,
18276,14244,14158,18144,17348,11040,17930,13615,17958,15628,15874,18129,12592,19285,18974,17298,13450,16000,10785,11131,13194,9997,18233,17735,16491,12149,13954,15760,13504,9771,12810,17602,11002,15323,15437,15334,15057,14780,18186,12806,17868,19589,18556,11111,
18082,14385,19246,19905,11471,9281,15487,17818,10752,18052,9418,10735,11321,19349,17989,11981,12595,19828,19263,10968,
