-7416361267
-14015225694
6090755608
11036605561
-935420293
-797791604
-374762967
4546004683
15198472167
3311746530
-6823781220
-3832501847
8378125348
-2792596247
-16659013012
10500115316
-413765864
7153210482
14281107159
-3957289694
3682033380
12636952432
6079125352
2088600735
1271199649
-11848948301
1604027416
-2934021467
-9495259698
-2561255047
-8246160679
11148467046
11600787324
-20477687873
8017362788
-4415116777
876793561
-22075435341
3416522860
7130863419
-9382792262
-5971119603
2641711029
8465364935
-19317940132
-3041467656
3004764084
1935081337
10477223131
-1548818520
-20479520615
-10234440319
-1077712111
-6223721931
7045970307
-8437598309
-17845223883
5904122020
8946023813
8347618971
6255355143
1233050689
2514977480
12376876909
-18073460506
5359715829
-9963400119
-4941824152
